0000000000000000000000000000000000000000000000000000000000000000000000000000000000000000000000000000000000000000
0000000000000000000000000000000000000000000000000000000000000000000000000000000000000000000000000000000000000000
0000000000000000000000000000000000000000000000000000000000000000000000000000000000000000000000000000000000000000
1100000001000011000000000000000000000000000000100000000000000000000000000000001000000000000000000000000000000011
0000000010000010000000000000000000000000000001100000000000000000000000000000000000000000000000000000000000000010
0000000000000000000000000000000000000000000000000000000000000000000000000000000000000000000000000000000000000000
0000000000000000000000000000000000000000000000000000000000000000000000000000010000000000000000000000000000000010
0000000000000000000000000000000000000000000000000000000000000000000000000000000000000000000000000000000000000000
1000000000001010000000000000000001010000001010000000000000000000000000000000100100000000000000000000000000000111
1000000000001011000000000000000001011000001010010000000000000000000000000000101000000000000000000000000000001000
0000000000011111000000000000000000000000000001110000000000000000000000000011111000000000000000000000000000011111
0000000000011111000000000000000000000000000001110000000000000000000000000011111000000000000000000000000000011111
