000000000000000000000000000000000000000000000000000000000000000000000000000000000000000000000000000000000000000000000000000000000000000000000000000000000000000000000000000000000000000000000000000000000000
000000000000000000000000000000000000000000000000000000000000000000000000000000000000000000000000000000000000000000000000000000000000000000000000000000000000000000000000000000000000000000000000000000000000
100000000000000100011100000011100110001111000000000000000000000000000000010000000000000000000000000000000000000000000000000111100000100011000000000000000000000000000011100000000000000000000000000000110000
100000000000000100011100000000110001000100000000000000000000000000000000100000000000000000000000000000010100000000000000000010000000100011000000000000000000000000000000110000000000000000000000000000001001
000000000000100000011000000000000000000000000000000000000000000000000000110000000000000000000000000000000000000000000000000000000000000101000000000000000000000000000000000000000000000000000000000000000000
000000000000000000000000000000000000000000000000000000000000000000000000000000000000000000000000000000000000000000000000000000000000000000000000000000000000000000000000000000000000000000000000000000000000
100000000000000100011000000000110011101001000000000000000000000000000001100000000000000000000000000000000000000000000000000100100000100001000000000000000000000000000000110000000000000000000000000000011100
100000000000000100011000000000110100001000000000000000000000000000000001110000000000000000000000000000000000000000000000000100000000100001000000000000000000000000000000110000000000000000000000000000100000
100000000000000100011000000000100011101100000000000000000000000000000010000000000000000000000000000000000000000000000000000110000000100001000000000000000000000000000000100000000000000000000000000000011100
100000000000000100011000000000010100001101000000000000000000000000000010010000000000000000000000000000000000000000000000000110100000100001000000000000000000000000000000010000000000000000000000000000100000
000000000000000000011011111111111111111111000000000000000000000000000010010000000000000000000000000000000011111111111111111111111111111111000000000000000000000000000111110000000000000000000000000001111100
000000000000000000011011111111111111111111000000000000000000000000000010010000000000000000000000000000000011111111111111111111111111111111000000000000000000000000000111110000000000000000000000000001111100
