00000000000000000000000000000000000000000000000000000000000000000
00000000000000000000000000000000000000011100110001111000001000110
00000000000000000000000000000001000000000110001000100000001000110
00000000000000000000000000000010000010000000000000000000000001010
00000000000000000000000000000011000000000000000000000000000000000
00000000000000000000000000000101000000000110011101001000001000010
00000000000000000000000000000110000000000110100001000000001000010
00000000000000000000000000000111000000000100011101100000001000010
00000000000000000000000000001000000000000010100001101000001000011
00000000000000000000000000001001111111111111111111111111111111111
00000000000000000000000000001001111111111111111111111111111111111
00000000000000000000000000001001111111111111111111111111111111111
