000000000000000000000000000000000000000000000000000000000000000000000000
000000000000000000000000000000000000000000000000000000000000000000000000
000000000000000000000000000000000000000000000000000000000000000000000000
000000000000000000000000000000000000000000000000000000000000000000000000
111000110000000000000000000000000000001000000000000000000000000000000010
000000100000000000000000000000000000000000000000000000000000000000000010
000000000000000000000000000000000000000000000000000000000000000000000010
000000000000000000000000000000000000010000000000000000000000000000000010
000000000000000000000000000000000000000000000000000000000000000000000010
010010100000000000000000000000000000100100000000000000000000000000000010
010010110000000000000000000000000000101000000000000000000000000000000010
000111110000000000000000000000000011111000000000000000000000000000000010
